,Month,Cost,MWh,Average Price,Epoch Time
0,2023-01,9950363,167920,59,1672531200000.0
1,2022-12,10900286,189328,58,1669852800000.0
2,2022-11,31613631,487665,65,1667260800000.0
3,2022-10,39134051,602250,65,1664578800000.0
4,2022-09,8032655,169249,47,1661986800000.0
5,2022-08,5170125,104726,49,1659308400000.0
6,2022-07,5226113,112253,47,1656630000000.0
7,2022-06,25269818,391724,65,1654038000000.0
8,2022-05,13235891,211931,62,1651359600000.0
9,2022-04,10173617,175265,58,1648767600000.0
10,2022-03,11197494,246233,45,1646092800000.0
11,2022-02,37413608,688481,54,1643673600000.0
12,2022-01,29681186,518074,57,1640995200000.0
13,2021-12,19609682,345583,57,1638316800000.0
14,2021-11,38908413,678985,57,1635724800000.0
15,2021-10,15291456,300872,51,1633042800000.0
16,2021-09,3464085,72303,48,1630450800000.0
17,2021-08,586202,9130,64,1627772400000.0
18,2021-07,965803,12357,78,1625094000000.0
19,2021-06,5665315,83773,68,1622502000000.0
20,2021-05,2466892,34442,72,1619823600000.0
21,2021-04,2923069,36307,81,1617231600000.0
22,2021-03,20141730,284438,71,1614556800000.0
23,2021-02,30143787,437907,69,1612137600000.0
24,2021-01,2969038,50570,59,1609459200000.0
25,2020-12,19735173,290804,68,1606780800000.0
26,2020-11,48754914,679854,72,1604188800000.0
27,2020-10,23418013,308345,76,1601506800000.0
28,2020-09,11356339,158554,72,1598914800000.0
29,2020-08,8735133,95354,92,1596236400000.0
30,2020-07,18342619,222682,82,1593558000000.0
31,2020-06,20785585,262680,79,1590966000000.0
32,2020-05,22137983,280507,79,1588287600000.0
33,2020-04,10487690,146643,72,1585695600000.0
34,2020-03,18863324,260249,72,1583020800000.0
35,2020-02,40484398,546549,74,1580515200000.0
36,2020-01,31059832,443799,70,1577836800000.0
37,2019-12,19347781,256547,75,1575158400000.0
38,2019-11,4164822,57979,72,1572566400000.0
39,2019-10,19065103,267095,71,1569884400000.0
40,2019-09,10656183,147859,72,1567292400000.0
41,2019-08,8882108,116811,76,1564614000000.0
42,2019-07,2773953,39119,71,1561935600000.0
43,2019-06,8374952,112775,74,1559343600000.0
44,2019-05,4201467,58201,72,1556665200000.0
45,2019-04,10830907,155131,70,1554073200000.0
46,2019-03,31391152,446845,70,1551398400000.0
47,2019-02,9763082,142041,69,1548979200000.0
48,2019-01,9541259,139775,68,1546300800000.0
49,2018-12,10639307,153748,69,1543622400000.0
50,2018-11,9498729,133722,71,1541030400000.0
51,2018-10,25877835,348616,74,1538348400000.0
52,2018-09,28434560,394002,72,1535756400000.0
53,2018-08,7895448,105462,75,1533078000000.0
54,2018-07,9687714,115484,84,1530399600000.0
55,2018-06,9622241,136746,70,1527807600000.0
56,2018-05,3794896,54226,70,1525129200000.0
57,2018-04,7182858,102482,70,1522537200000.0
58,2018-03,3472533,50934,68,1519862400000.0
59,2018-02,1977754,30571,65,1517443200000.0
60,2018-01,6565232,98194,67,1514764800000.0
61,2017-12,8486739,123822,69,1512086400000.0
62,2017-11,9136551,132044,69,1509494400000.0
63,2017-10,23166915,333856,69,1506812400000.0
64,2017-09,6788064,96360,70,1504220400000.0
65,2017-08,9865271,137157,72,1501542000000.0
66,2017-07,7166493,101784,70,1498863600000.0
67,2017-06,19731369,269609,73,1496271600000.0
68,2017-05,3770189,47716,79,1493593200000.0
69,2017-04,4899222,67422,73,1491001200000.0
70,2017-03,4528799,68910,66,1488326400000.0
71,2017-02,7729783,117074,66,1485907200000.0
72,2017-01,2978466,46531,64,1483228800000.0
73,2016-12,10301441,152949,67,1480550400000.0
74,2016-11,5122163,74598,69,1477958400000.0
75,2016-10,6896579,69052,100,1475276400000.0
76,2016-09,15525963,193027,80,1472684400000.0
77,2016-08,7020687,102301,69,1470006000000.0
78,2016-07,3515153,36337,97,1467327600000.0
79,2016-06,1407002,17561,80,1464735600000.0
80,2016-05,5315500,78110,68,1462057200000.0
81,2016-04,2511236,39190,64,1459465200000.0
82,2016-03,4363130,61354,71,1456790400000.0
83,2016-02,6022341,95815,63,1454284800000.0
84,2016-01,13859879,214333,65,1451606400000.0
85,2015-12,22644820,341442,66,1448928000000.0
86,2015-11,15189825,217661,70,1446336000000.0
87,2015-10,3861143,54093,71,1443654000000.0
88,2015-09,344469,5037,68,1441062000000.0
89,2015-08,5389868,78793,68,1438383600000.0
90,2015-07,4245438,57050,74,1435705200000.0
91,2015-06,4637893,65121,71,1433113200000.0
92,2015-05,10376658,130566,79,1430434800000.0
93,2015-04,1823728,23780,77,1427842800000.0
94,2015-03,6721245,91277,74,1425168000000.0
95,2015-02,4795718,65598,73,1422748800000.0
96,2015-01,10707329,145846,73,1420070400000.0
97,2014-12,7307333,100232,73,1417392000000.0
98,2014-11,4671446,57495,81,1414800000000.0
99,2014-10,16697301,205775,81,1412118000000.0
100,2014-09,477461,6056,79,1409526000000.0
101,2014-08,7212794,84002,86,1406847600000.0
102,2014-07,344133,3585,96,1404169200000.0
103,2014-06,145805,1805,81,1401577200000.0
104,2014-05,421395,5081,83,1398898800000.0
105,2014-04,2233577,26952,83,1396306800000.0
106,2014-03,8718866,106807,82,1393632000000.0
107,2014-02,1583533,19538,81,1391212800000.0
108,2014-01,3447415,42022,82,1388534400000.0
109,2013-12,5306210,65987,80,1385856000000.0
110,2013-11,1203564,14460,83,1383264000000.0
111,2013-10,2955146,34586,85,1380582000000.0
112,2013-09,3501299,41999,83,1377990000000.0
113,2013-08,8246391,98669,84,1375311600000.0
114,2013-07,1251992,16012,78,1372633200000.0
115,2013-06,2012832,24781,81,1370041200000.0
116,2013-05,4497836,44441,101,1367362800000.0
117,2013-04,3665286,38185,96,1364770800000.0
118,2013-03,3184,25,128,1362096000000.0
119,2013-02,31219,398,78,1359676800000.0
120,2013-01,32393,274,118,1356998400000.0
121,2012-12,876759,9847,89,1354320000000.0
122,2012-11,914082,8349,109,1351728000000.0
123,2012-10,38040,404,94,1349046000000.0
124,2012-09,1053009,8936,118,1346454000000.0
125,2012-08,282456,2381,119,1343775600000.0
126,2012-07,11184,119,94,1341097200000.0
127,2012-06,438997,2514,175,1338505200000.0
128,2012-05,42941,288,149,1335826800000.0
129,2012-04,330950,2062,161,1333234800000.0
130,2012-03,333205,2075,161,1330560000000.0
131,2012-02,272042,1647,165,1328054400000.0
132,2012-01,1330566,6842,194,1325376000000.0
133,2011-12,820012,3928,209,1322697600000.0
134,2011-11,339602,1695,200,1320105600000.0
135,2011-10,2388021,10327,231,1317423600000.0
136,2011-09,4968892,19340,257,1314831600000.0
137,2011-08,99155,502,198,1312153200000.0
138,2011-07,21546,145,149,1309474800000.0
139,2011-06,677926,3800,178,1306882800000.0
140,2011-05,2612157,14996,174,1304204400000.0
141,2011-04,899445,3975,226,1301612400000.0
142,2010-10,161428,905,178,1285887600000.0
143,2010-05,12700,71,178,1272668400000.0
